000000000000001
000000000001110
000000000110010
000000000111101
000000001010100
000000001011011
000000001100111
000000001101000
000000010010111
000000010011000
000000010100100
000000010101011
000000011000010
000000011001101
000000011110001
000000011111110
000000100010110
000000100011001
000000100100101
000000100101010
000000101000011
000000101001100
000000101110000
000000101111111
000000110000000
000000110001111
000000110110011
000000110111100
000000111010101
000000111011010
000000111100110
000000111101001
000001000010101
000001000011010
000001000100110
000001000101001
000001001000000
000001001001111
000001001110011
000001001111100
000001010000011
000001010001100
000001010110000
000001010111111
000001011010110
000001011011001
000001011100101
000001011101010
000001100000010
000001100001101
000001100110001
000001100111110
000001101010111
000001101011000
000001101100100
000001101101011
000001110010100
000001110011011
000001110100111
000001110101000
000001111000001
000001111001110
000001111110010
000001111111101
000010000010011
000010000011100
000010000100000
000010000101111
000010001000110
000010001001001
000010001110101
000010001111010
000010010000101
000010010001010
000010010110110
000010010111001
000010011010000
000010011011111
000010011100011
000010011101100
000010100000100
000010100001011
000010100110111
000010100111000
000010101010001
000010101011110
000010101100010
000010101101101
000010110010010
000010110011101
000010110100001
000010110101110
000010111000111
000010111001000
000010111110100
000010111111011
000011000000111
000011000001000
000011000110100
000011000111011
000011001010010
000011001011101
000011001100001
000011001101110
000011010010001
000011010011110
000011010100010
000011010101101
000011011000100
000011011001011
000011011110111
000011011111000
000011100010000
000011100011111
000011100100011
000011100101100
000011101000101
000011101001010
000011101110110
000011101111001
000011110000110
000011110001001
000011110110101
000011110111010
000011111010011
000011111011100
000011111100000
000011111101111
000100000010000
000100000011111
000100000100011
000100000101100
000100001000101
000100001001010
000100001110110
000100001111001
000100010000110
000100010001001
000100010110101
000100010111010
000100011010011
000100011011100
000100011100000
000100011101111
000100100000111
000100100001000
000100100110100
000100100111011
000100101010010
000100101011101
000100101100001
000100101101110
000100110010001
000100110011110
000100110100010
000100110101101
000100111000100
000100111001011
000100111110111
000100111111000
000101000000100
000101000001011
000101000110111
000101000111000
000101001010001
000101001011110
000101001100010
000101001101101
000101010010010
000101010011101
000101010100001
000101010101110
000101011000111
000101011001000
000101011110100
000101011111011
000101100010011
000101100011100
000101100100000
000101100101111
000101101000110
000101101001001
000101101110101
000101101111010
000101110000101
000101110001010
000101110110110
000101110111001
000101111010000
000101111011111
000101111100011
000101111101100
000110000000010
000110000001101
000110000110001
000110000111110
000110001010111
000110001011000
000110001100100
000110001101011
000110010010100
000110010011011
000110010100111
000110010101000
000110011000001
000110011001110
000110011110010
000110011111101
000110100010101
000110100011010
000110100100110
000110100101001
000110101000000
000110101001111
000110101110011
000110101111100
000110110000011
000110110001100
000110110110000
000110110111111
000110111010110
000110111011001
000110111100101
000110111101010
000111000010110
000111000011001
000111000100101
000111000101010
000111001000011
000111001001100
000111001110000
000111001111111
000111010000000
000111010001111
000111010110011
000111010111100
000111011010101
000111011011010
000111011100110
000111011101001
000111100000001
000111100001110
000111100110010
000111100111101
000111101010100
000111101011011
000111101100111
000111101101000
000111110010111
000111110011000
000111110100100
000111110101011
000111111000010
000111111001101
000111111110001
000111111111110
001000000000111
001000000001000
001000000110100
001000000111011
001000001010010
001000001011101
001000001100001
001000001101110
001000010010001
001000010011110
001000010100010
001000010101101
001000011000100
001000011001011
001000011110111
001000011111000
001000100010000
001000100011111
001000100100011
001000100101100
001000101000101
001000101001010
001000101110110
001000101111001
001000110000110
001000110001001
001000110110101
001000110111010
001000111010011
001000111011100
001000111100000
001000111101111
001001000010011
001001000011100
001001000100000
001001000101111
001001001000110
001001001001001
001001001110101
001001001111010
001001010000101
001001010001010
001001010110110
001001010111001
001001011010000
001001011011111
001001011100011
001001011101100
001001100000100
001001100001011
001001100110111
001001100111000
001001101010001
001001101011110
001001101100010
001001101101101
001001110010010
001001110011101
001001110100001
001001110101110
001001111000111
001001111001000
001001111110100
001001111111011
001010000010101
001010000011010
001010000100110
001010000101001
001010001000000
001010001001111
001010001110011
001010001111100
001010010000011
001010010001100
001010010110000
001010010111111
001010011010110
001010011011001
001010011100101
001010011101010
001010100000010
001010100001101
001010100110001
001010100111110
001010101010111
001010101011000
001010101100100
001010101101011
001010110010100
001010110011011
001010110100111
001010110101000
001010111000001
001010111001110
001010111110010
001010111111101
001011000000001
001011000001110
001011000110010
001011000111101
001011001010100
001011001011011
001011001100111
001011001101000
001011010010111
001011010011000
001011010100100
001011010101011
001011011000010
001011011001101
001011011110001
001011011111110
001011100010110
001011100011001
001011100100101
001011100101010
001011101000011
001011101001100
001011101110000
001011101111111
001011110000000
001011110001111
001011110110011
001011110111100
001011111010101
001011111011010
001011111100110
001011111101001
001100000010110
001100000011001
001100000100101
001100000101010
001100001000011
001100001001100
001100001110000
001100001111111
001100010000000
001100010001111
001100010110011
001100010111100
001100011010101
001100011011010
001100011100110
001100011101001
001100100000001
001100100001110
001100100110010
001100100111101
001100101010100
001100101011011
001100101100111
001100101101000
001100110010111
001100110011000
001100110100100
001100110101011
001100111000010
001100111001101
001100111110001
001100111111110
001101000000010
001101000001101
001101000110001
001101000111110
001101001010111
001101001011000
001101001100100
001101001101011
001101010010100
001101010011011
001101010100111
001101010101000
001101011000001
001101011001110
001101011110010
001101011111101
001101100010101
001101100011010
001101100100110
001101100101001
001101101000000
001101101001111
001101101110011
001101101111100
001101110000011
001101110001100
001101110110000
001101110111111
001101111010110
001101111011001
001101111100101
001101111101010
001110000000100
001110000001011
001110000110111
001110000111000
001110001010001
001110001011110
001110001100010
001110001101101
001110010010010
001110010011101
001110010100001
001110010101110
001110011000111
001110011001000
001110011110100
001110011111011
001110100010011
001110100011100
001110100100000
001110100101111
001110101000110
001110101001001
001110101110101
001110101111010
001110110000101
001110110001010
001110110110110
001110110111001
001110111010000
001110111011111
001110111100011
001110111101100
001111000010000
001111000011111
001111000100011
001111000101100
001111001000101
001111001001010
001111001110110
001111001111001
001111010000110
001111010001001
001111010110101
001111010111010
001111011010011
001111011011100
001111011100000
001111011101111
001111100000111
001111100001000
001111100110100
001111100111011
001111101010010
001111101011101
001111101100001
001111101101110
001111110010001
001111110011110
001111110100010
001111110101101
001111111000100
001111111001011
001111111110111
001111111111000
010000000000100
010000000001011
010000000110111
010000000111000
010000001010001
010000001011110
010000001100010
010000001101101
010000010010010
010000010011101
010000010100001
010000010101110
010000011000111
010000011001000
010000011110100
010000011111011
010000100010011
010000100011100
010000100100000
010000100101111
010000101000110
010000101001001
010000101110101
010000101111010
010000110000101
010000110001010
010000110110110
010000110111001
010000111010000
010000111011111
010000111100011
010000111101100
010001000010000
010001000011111
010001000100011
010001000101100
010001001000101
010001001001010
010001001110110
010001001111001
010001010000110
010001010001001
010001010110101
010001010111010
010001011010011
010001011011100
010001011100000
010001011101111
010001100000111
010001100001000
010001100110100
010001100111011
010001101010010
010001101011101
010001101100001
010001101101110
010001110010001
010001110011110
010001110100010
010001110101101
010001111000100
010001111001011
010001111110111
010001111111000
010010000010110
010010000011001
010010000100101
010010000101010
010010001000011
010010001001100
010010001110000
010010001111111
010010010000000
010010010001111
010010010110011
010010010111100
010010011010101
010010011011010
010010011100110
010010011101001
010010100000001
010010100001110
010010100110010
010010100111101
010010101010100
010010101011011
010010101100111
010010101101000
010010110010111
010010110011000
010010110100100
010010110101011
010010111000010
010010111001101
010010111110001
010010111111110
010011000000010
010011000001101
010011000110001
010011000111110
010011001010111
010011001011000
010011001100100
010011001101011
010011010010100
010011010011011
010011010100111
010011010101000
010011011000001
010011011001110
010011011110010
010011011111101
010011100010101
010011100011010
010011100100110
010011100101001
010011101000000
010011101001111
010011101110011
010011101111100
010011110000011
010011110001100
010011110110000
010011110111111
010011111010110
010011111011001
010011111100101
010011111101010
010100000010101
010100000011010
010100000100110
010100000101001
010100001000000
010100001001111
010100001110011
010100001111100
010100010000011
010100010001100
010100010110000
010100010111111
010100011010110
010100011011001
010100011100101
010100011101010
010100100000010
010100100001101
010100100110001
010100100111110
010100101010111
010100101011000
010100101100100
010100101101011
010100110010100
010100110011011
010100110100111
010100110101000
010100111000001
010100111001110
010100111110010
010100111111101
010101000000001
010101000001110
010101000110010
010101000111101
010101001010100
010101001011011
010101001100111
010101001101000
010101010010111
010101010011000
010101010100100
010101010101011
010101011000010
010101011001101
010101011110001
010101011111110
010101100010110
010101100011001
010101100100101
010101100101010
010101101000011
010101101001100
010101101110000
010101101111111
010101110000000
010101110001111
010101110110011
010101110111100
010101111010101
010101111011010
010101111100110
010101111101001
010110000000111
010110000001000
010110000110100
010110000111011
010110001010010
010110001011101
010110001100001
010110001101110
010110010010001
010110010011110
010110010100010
010110010101101
010110011000100
010110011001011
010110011110111
010110011111000
010110100010000
010110100011111
010110100100011
010110100101100
010110101000101
010110101001010
010110101110110
010110101111001
010110110000110
010110110001001
010110110110101
010110110111010
010110111010011
010110111011100
010110111100000
010110111101111
010111000010011
010111000011100
010111000100000
010111000101111
010111001000110
010111001001001
010111001110101
010111001111010
010111010000101
010111010001010
010111010110110
010111010111001
010111011010000
010111011011111
010111011100011
010111011101100
010111100000100
010111100001011
010111100110111
010111100111000
010111101010001
010111101011110
010111101100010
010111101101101
010111110010010
010111110011101
010111110100001
010111110101110
010111111000111
010111111001000
010111111110100
010111111111011
011000000000010
011000000001101
011000000110001
011000000111110
011000001010111
011000001011000
011000001100100
011000001101011
011000010010100
011000010011011
011000010100111
011000010101000
011000011000001
011000011001110
011000011110010
011000011111101
011000100010101
011000100011010
011000100100110
011000100101001
011000101000000
011000101001111
011000101110011
011000101111100
011000110000011
011000110001100
011000110110000
011000110111111
011000111010110
011000111011001
011000111100101
011000111101010
011001000010110
011001000011001
011001000100101
011001000101010
011001001000011
011001001001100
011001001110000
011001001111111
011001010000000
011001010001111
011001010110011
011001010111100
011001011010101
011001011011010
011001011100110
011001011101001
011001100000001
011001100001110
011001100110010
011001100111101
011001101010100
011001101011011
011001101100111
011001101101000
011001110010111
011001110011000
011001110100100
011001110101011
011001111000010
011001111001101
011001111110001
011001111111110
011010000010000
011010000011111
011010000100011
011010000101100
011010001000101
011010001001010
011010001110110
011010001111001
011010010000110
011010010001001
011010010110101
011010010111010
011010011010011
011010011011100
011010011100000
011010011101111
011010100000111
011010100001000
011010100110100
011010100111011
011010101010010
011010101011101
011010101100001
011010101101110
011010110010001
011010110011110
011010110100010
011010110101101
011010111000100
011010111001011
011010111110111
011010111111000
011011000000100
011011000001011
011011000110111
011011000111000
011011001010001
011011001011110
011011001100010
011011001101101
011011010010010
011011010011101
011011010100001
011011010101110
011011011000111
011011011001000
011011011110100
011011011111011
011011100010011
011011100011100
011011100100000
011011100101111
011011101000110
011011101001001
011011101110101
011011101111010
011011110000101
011011110001010
011011110110110
011011110111001
011011111010000
011011111011111
011011111100011
011011111101100
011100000010011
011100000011100
011100000100000
011100000101111
011100001000110
011100001001001
011100001110101
011100001111010
011100010000101
011100010001010
011100010110110
011100010111001
011100011010000
011100011011111
011100011100011
011100011101100
011100100000100
011100100001011
011100100110111
011100100111000
011100101010001
011100101011110
011100101100010
011100101101101
011100110010010
011100110011101
011100110100001
011100110101110
011100111000111
011100111001000
011100111110100
011100111111011
011101000000111
011101000001000
011101000110100
011101000111011
011101001010010
011101001011101
011101001100001
011101001101110
011101010010001
011101010011110
011101010100010
011101010101101
011101011000100
011101011001011
011101011110111
011101011111000
011101100010000
011101100011111
011101100100011
011101100101100
011101101000101
011101101001010
011101101110110
011101101111001
011101110000110
011101110001001
011101110110101
011101110111010
011101111010011
011101111011100
011101111100000
011101111101111
011110000000001
011110000001110
011110000110010
011110000111101
011110001010100
011110001011011
011110001100111
011110001101000
011110010010111
011110010011000
011110010100100
011110010101011
011110011000010
011110011001101
011110011110001
011110011111110
011110100010110
011110100011001
011110100100101
011110100101010
011110101000011
011110101001100
011110101110000
011110101111111
011110110000000
011110110001111
011110110110011
011110110111100
011110111010101
011110111011010
011110111100110
011110111101001
011111000010101
011111000011010
011111000100110
011111000101001
011111001000000
011111001001111
011111001110011
011111001111100
011111010000011
011111010001100
011111010110000
011111010111111
011111011010110
011111011011001
011111011100101
011111011101010
011111100000010
011111100001101
011111100110001
011111100111110
011111101010111
011111101011000
011111101100100
011111101101011
011111110010100
011111110011011
011111110100111
011111110101000
011111111000001
011111111001110
011111111110010
011111111111101
100000000000010
100000000001101
100000000110001
100000000111110
100000001010111
100000001011000
100000001100100
100000001101011
100000010010100
100000010011011
100000010100111
100000010101000
100000011000001
100000011001110
100000011110010
100000011111101
100000100010101
100000100011010
100000100100110
100000100101001
100000101000000
100000101001111
100000101110011
100000101111100
100000110000011
100000110001100
100000110110000
100000110111111
100000111010110
100000111011001
100000111100101
100000111101010
100001000010110
100001000011001
100001000100101
100001000101010
100001001000011
100001001001100
100001001110000
100001001111111
100001010000000
100001010001111
100001010110011
100001010111100
100001011010101
100001011011010
100001011100110
100001011101001
100001100000001
100001100001110
100001100110010
100001100111101
100001101010100
100001101011011
100001101100111
100001101101000
100001110010111
100001110011000
100001110100100
100001110101011
100001111000010
100001111001101
100001111110001
100001111111110
100010000010000
100010000011111
100010000100011
100010000101100
100010001000101
100010001001010
100010001110110
100010001111001
100010010000110
100010010001001
100010010110101
100010010111010
100010011010011
100010011011100
100010011100000
100010011101111
100010100000111
100010100001000
100010100110100
100010100111011
100010101010010
100010101011101
100010101100001
100010101101110
100010110010001
100010110011110
100010110100010
100010110101101
100010111000100
100010111001011
100010111110111
100010111111000
100011000000100
100011000001011
100011000110111
100011000111000
100011001010001
100011001011110
100011001100010
100011001101101
100011010010010
100011010011101
100011010100001
100011010101110
100011011000111
100011011001000
100011011110100
100011011111011
100011100010011
100011100011100
100011100100000
100011100101111
100011101000110
100011101001001
100011101110101
100011101111010
100011110000101
100011110001010
100011110110110
100011110111001
100011111010000
100011111011111
100011111100011
100011111101100
100100000010011
100100000011100
100100000100000
100100000101111
100100001000110
100100001001001
100100001110101
100100001111010
100100010000101
100100010001010
100100010110110
100100010111001
100100011010000
100100011011111
100100011100011
100100011101100
100100100000100
100100100001011
100100100110111
100100100111000
100100101010001
100100101011110
100100101100010
100100101101101
100100110010010
100100110011101
100100110100001
100100110101110
100100111000111
100100111001000
100100111110100
100100111111011
100101000000111
100101000001000
100101000110100
100101000111011
100101001010010
100101001011101
100101001100001
100101001101110
100101010010001
100101010011110
100101010100010
100101010101101
100101011000100
100101011001011
100101011110111
100101011111000
100101100010000
100101100011111
100101100100011
100101100101100
100101101000101
100101101001010
100101101110110
100101101111001
100101110000110
100101110001001
100101110110101
100101110111010
100101111010011
100101111011100
100101111100000
100101111101111
100110000000001
100110000001110
100110000110010
100110000111101
100110001010100
100110001011011
100110001100111
100110001101000
100110010010111
100110010011000
100110010100100
100110010101011
100110011000010
100110011001101
100110011110001
100110011111110
100110100010110
100110100011001
100110100100101
100110100101010
100110101000011
100110101001100
100110101110000
100110101111111
100110110000000
100110110001111
100110110110011
100110110111100
100110111010101
100110111011010
100110111100110
100110111101001
100111000010101
100111000011010
100111000100110
100111000101001
100111001000000
100111001001111
100111001110011
100111001111100
100111010000011
100111010001100
100111010110000
100111010111111
100111011010110
100111011011001
100111011100101
100111011101010
100111100000010
100111100001101
100111100110001
100111100111110
100111101010111
100111101011000
100111101100100
100111101101011
100111110010100
100111110011011
100111110100111
100111110101000
100111111000001
100111111001110
100111111110010
100111111111101
101000000000100
101000000001011
101000000110111
101000000111000
101000001010001
101000001011110
101000001100010
101000001101101
101000010010010
101000010011101
101000010100001
101000010101110
101000011000111
101000011001000
101000011110100
101000011111011
101000100010011
101000100011100
101000100100000
101000100101111
101000101000110
101000101001001
101000101110101
101000101111010
101000110000101
101000110001010
101000110110110
101000110111001
101000111010000
101000111011111
101000111100011
101000111101100
101001000010000
101001000011111
101001000100011
101001000101100
101001001000101
101001001001010
101001001110110
101001001111001
101001010000110
101001010001001
101001010110101
101001010111010
101001011010011
101001011011100
101001011100000
101001011101111
101001100000111
101001100001000
101001100110100
101001100111011
101001101010010
101001101011101
101001101100001
101001101101110
101001110010001
101001110011110
101001110100010
101001110101101
101001111000100
101001111001011
101001111110111
101001111111000
101010000010110
101010000011001
101010000100101
101010000101010
101010001000011
101010001001100
101010001110000
101010001111111
101010010000000
101010010001111
101010010110011
101010010111100
101010011010101
101010011011010
101010011100110
101010011101001
101010100000001
101010100001110
101010100110010
101010100111101
101010101010100
101010101011011
101010101100111
101010101101000
101010110010111
101010110011000
101010110100100
101010110101011
101010111000010
101010111001101
101010111110001
101010111111110
101011000000010
101011000001101
101011000110001
101011000111110
101011001010111
101011001011000
101011001100100
101011001101011
101011010010100
101011010011011
101011010100111
101011010101000
101011011000001
101011011001110
101011011110010
101011011111101
101011100010101
101011100011010
101011100100110
101011100101001
101011101000000
101011101001111
101011101110011
101011101111100
101011110000011
101011110001100
101011110110000
101011110111111
101011111010110
101011111011001
101011111100101
101011111101010
101100000010101
101100000011010
101100000100110
101100000101001
101100001000000
101100001001111
101100001110011
101100001111100
101100010000011
101100010001100
101100010110000
101100010111111
101100011010110
101100011011001
101100011100101
101100011101010
101100100000010
101100100001101
101100100110001
101100100111110
101100101010111
101100101011000
101100101100100
101100101101011
101100110010100
101100110011011
101100110100111
101100110101000
101100111000001
101100111001110
101100111110010
101100111111101
101101000000001
101101000001110
101101000110010
101101000111101
101101001010100
101101001011011
101101001100111
101101001101000
101101010010111
101101010011000
101101010100100
101101010101011
101101011000010
101101011001101
101101011110001
101101011111110
101101100010110
101101100011001
101101100100101
101101100101010
101101101000011
101101101001100
101101101110000
101101101111111
101101110000000
101101110001111
101101110110011
101101110111100
101101111010101
101101111011010
101101111100110
101101111101001
101110000000111
101110000001000
101110000110100
101110000111011
101110001010010
101110001011101
101110001100001
101110001101110
101110010010001
101110010011110
101110010100010
101110010101101
101110011000100
101110011001011
101110011110111
101110011111000
101110100010000
101110100011111
101110100100011
101110100101100
101110101000101
101110101001010
101110101110110
101110101111001
101110110000110
101110110001001
101110110110101
101110110111010
101110111010011
101110111011100
101110111100000
101110111101111
101111000010011
101111000011100
101111000100000
101111000101111
101111001000110
101111001001001
101111001110101
101111001111010
101111010000101
101111010001010
101111010110110
101111010111001
101111011010000
101111011011111
101111011100011
101111011101100
101111100000100
101111100001011
101111100110111
101111100111000
101111101010001
101111101011110
101111101100010
101111101101101
101111110010010
101111110011101
101111110100001
101111110101110
101111111000111
101111111001000
101111111110100
101111111111011
110000000000111
110000000001000
110000000110100
110000000111011
110000001010010
110000001011101
110000001100001
110000001101110
110000010010001
110000010011110
110000010100010
110000010101101
110000011000100
110000011001011
110000011110111
110000011111000
110000100010000
110000100011111
110000100100011
110000100101100
110000101000101
110000101001010
110000101110110
110000101111001
110000110000110
110000110001001
110000110110101
110000110111010
110000111010011
110000111011100
110000111100000
110000111101111
110001000010011
110001000011100
110001000100000
110001000101111
110001001000110
110001001001001
110001001110101
110001001111010
110001010000101
110001010001010
110001010110110
110001010111001
110001011010000
110001011011111
110001011100011
110001011101100
110001100000100
110001100001011
110001100110111
110001100111000
110001101010001
110001101011110
110001101100010
110001101101101
110001110010010
110001110011101
110001110100001
110001110101110
110001111000111
110001111001000
110001111110100
110001111111011
110010000010101
110010000011010
110010000100110
110010000101001
110010001000000
110010001001111
110010001110011
110010001111100
110010010000011
110010010001100
110010010110000
110010010111111
110010011010110
110010011011001
110010011100101
110010011101010
110010100000010
110010100001101
110010100110001
110010100111110
110010101010111
110010101011000
110010101100100
110010101101011
110010110010100
110010110011011
110010110100111
110010110101000
110010111000001
110010111001110
110010111110010
110010111111101
110011000000001
110011000001110
110011000110010
110011000111101
110011001010100
110011001011011
110011001100111
110011001101000
110011010010111
110011010011000
110011010100100
110011010101011
110011011000010
110011011001101
110011011110001
110011011111110
110011100010110
110011100011001
110011100100101
110011100101010
110011101000011
110011101001100
110011101110000
110011101111111
110011110000000
110011110001111
110011110110011
110011110111100
110011111010101
110011111011010
110011111100110
110011111101001
110100000010110
110100000011001
110100000100101
110100000101010
110100001000011
110100001001100
110100001110000
110100001111111
110100010000000
110100010001111
110100010110011
110100010111100
110100011010101
110100011011010
110100011100110
110100011101001
110100100000001
110100100001110
110100100110010
110100100111101
110100101010100
110100101011011
110100101100111
110100101101000
110100110010111
110100110011000
110100110100100
110100110101011
110100111000010
110100111001101
110100111110001
110100111111110
110101000000010
110101000001101
110101000110001
110101000111110
110101001010111
110101001011000
110101001100100
110101001101011
110101010010100
110101010011011
110101010100111
110101010101000
110101011000001
110101011001110
110101011110010
110101011111101
110101100010101
110101100011010
110101100100110
110101100101001
110101101000000
110101101001111
110101101110011
110101101111100
110101110000011
110101110001100
110101110110000
110101110111111
110101111010110
110101111011001
110101111100101
110101111101010
110110000000100
110110000001011
110110000110111
110110000111000
110110001010001
110110001011110
110110001100010
110110001101101
110110010010010
110110010011101
110110010100001
110110010101110
110110011000111
110110011001000
110110011110100
110110011111011
110110100010011
110110100011100
110110100100000
110110100101111
110110101000110
110110101001001
110110101110101
110110101111010
110110110000101
110110110001010
110110110110110
110110110111001
110110111010000
110110111011111
110110111100011
110110111101100
110111000010000
110111000011111
110111000100011
110111000101100
110111001000101
110111001001010
110111001110110
110111001111001
110111010000110
110111010001001
110111010110101
110111010111010
110111011010011
110111011011100
110111011100000
110111011101111
110111100000111
110111100001000
110111100110100
110111100111011
110111101010010
110111101011101
110111101100001
110111101101110
110111110010001
110111110011110
110111110100010
110111110101101
110111111000100
110111111001011
110111111110111
110111111111000
111000000000001
111000000001110
111000000110010
111000000111101
111000001010100
111000001011011
111000001100111
111000001101000
111000010010111
111000010011000
111000010100100
111000010101011
111000011000010
111000011001101
111000011110001
111000011111110
111000100010110
111000100011001
111000100100101
111000100101010
111000101000011
111000101001100
111000101110000
111000101111111
111000110000000
111000110001111
111000110110011
111000110111100
111000111010101
111000111011010
111000111100110
111000111101001
111001000010101
111001000011010
111001000100110
111001000101001
111001001000000
111001001001111
111001001110011
111001001111100
111001010000011
111001010001100
111001010110000
111001010111111
111001011010110
111001011011001
111001011100101
111001011101010
111001100000010
111001100001101
111001100110001
111001100111110
111001101010111
111001101011000
111001101100100
111001101101011
111001110010100
111001110011011
111001110100111
111001110101000
111001111000001
111001111001110
111001111110010
111001111111101
111010000010011
111010000011100
111010000100000
111010000101111
111010001000110
111010001001001
111010001110101
111010001111010
111010010000101
111010010001010
111010010110110
111010010111001
111010011010000
111010011011111
111010011100011
111010011101100
111010100000100
111010100001011
111010100110111
111010100111000
111010101010001
111010101011110
111010101100010
111010101101101
111010110010010
111010110011101
111010110100001
111010110101110
111010111000111
111010111001000
111010111110100
111010111111011
111011000000111
111011000001000
111011000110100
111011000111011
111011001010010
111011001011101
111011001100001
111011001101110
111011010010001
111011010011110
111011010100010
111011010101101
111011011000100
111011011001011
111011011110111
111011011111000
111011100010000
111011100011111
111011100100011
111011100101100
111011101000101
111011101001010
111011101110110
111011101111001
111011110000110
111011110001001
111011110110101
111011110111010
111011111010011
111011111011100
111011111100000
111011111101111
111100000010000
111100000011111
111100000100011
111100000101100
111100001000101
111100001001010
111100001110110
111100001111001
111100010000110
111100010001001
111100010110101
111100010111010
111100011010011
111100011011100
111100011100000
111100011101111
111100100000111
111100100001000
111100100110100
111100100111011
111100101010010
111100101011101
111100101100001
111100101101110
111100110010001
111100110011110
111100110100010
111100110101101
111100111000100
111100111001011
111100111110111
111100111111000
111101000000100
111101000001011
111101000110111
111101000111000
111101001010001
111101001011110
111101001100010
111101001101101
111101010010010
111101010011101
111101010100001
111101010101110
111101011000111
111101011001000
111101011110100
111101011111011
111101100010011
111101100011100
111101100100000
111101100101111
111101101000110
111101101001001
111101101110101
111101101111010
111101110000101
111101110001010
111101110110110
111101110111001
111101111010000
111101111011111
111101111100011
111101111101100
111110000000010
111110000001101
111110000110001
111110000111110
111110001010111
111110001011000
111110001100100
111110001101011
111110010010100
111110010011011
111110010100111
111110010101000
111110011000001
111110011001110
111110011110010
111110011111101
111110100010101
111110100011010
111110100100110
111110100101001
111110101000000
111110101001111
111110101110011
111110101111100
111110110000011
111110110001100
111110110110000
111110110111111
111110111010110
111110111011001
111110111100101
111110111101010
111111000010110
111111000011001
111111000100101
111111000101010
111111001000011
111111001001100
111111001110000
111111001111111
111111010000000
111111010001111
111111010110011
111111010111100
111111011010101
111111011011010
111111011100110
111111011101001
111111100000001
111111100001110
111111100110010
111111100111101
111111101010100
111111101011011
111111101100111
111111101101000
111111110010111
111111110011000
111111110100100
111111110101011
111111111000010
111111111001101
111111111110001
111111111111110
