000000000000000
000000000001111
000000000110011
000000000111100
000000001010101
000000001011010
000000001100110
000000001101001
000000010010110
000000010011001
000000010100101
000000010101010
000000011000011
000000011001100
000000011110000
000000011111111
000000100010111
000000100011000
000000100100100
000000100101011
000000101000010
000000101001101
000000101110001
000000101111110
000000110000001
000000110001110
000000110110010
000000110111101
000000111010100
000000111011011
000000111100111
000000111101000
000001000010100
000001000011011
000001000100111
000001000101000
000001001000001
000001001001110
000001001110010
000001001111101
000001010000010
000001010001101
000001010110001
000001010111110
000001011010111
000001011011000
000001011100100
000001011101011
000001100000011
000001100001100
000001100110000
000001100111111
000001101010110
000001101011001
000001101100101
000001101101010
000001110010101
000001110011010
000001110100110
000001110101001
000001111000000
000001111001111
000001111110011
000001111111100
000010000010010
000010000011101
000010000100001
000010000101110
000010001000111
000010001001000
000010001110100
000010001111011
000010010000100
000010010001011
000010010110111
000010010111000
000010011010001
000010011011110
000010011100010
000010011101101
000010100000101
000010100001010
000010100110110
000010100111001
000010101010000
000010101011111
000010101100011
000010101101100
000010110010011
000010110011100
000010110100000
000010110101111
000010111000110
000010111001001
000010111110101
000010111111010
000011000000110
000011000001001
000011000110101
000011000111010
000011001010011
000011001011100
000011001100000
000011001101111
000011010010000
000011010011111
000011010100011
000011010101100
000011011000101
000011011001010
000011011110110
000011011111001
000011100010001
000011100011110
000011100100010
000011100101101
000011101000100
000011101001011
000011101110111
000011101111000
000011110000111
000011110001000
000011110110100
000011110111011
000011111010010
000011111011101
000011111100001
000011111101110
000100000010001
000100000011110
000100000100010
000100000101101
000100001000100
000100001001011
000100001110111
000100001111000
000100010000111
000100010001000
000100010110100
000100010111011
000100011010010
000100011011101
000100011100001
000100011101110
000100100000110
000100100001001
000100100110101
000100100111010
000100101010011
000100101011100
000100101100000
000100101101111
000100110010000
000100110011111
000100110100011
000100110101100
000100111000101
000100111001010
000100111110110
000100111111001
000101000000101
000101000001010
000101000110110
000101000111001
000101001010000
000101001011111
000101001100011
000101001101100
000101010010011
000101010011100
000101010100000
000101010101111
000101011000110
000101011001001
000101011110101
000101011111010
000101100010010
000101100011101
000101100100001
000101100101110
000101101000111
000101101001000
000101101110100
000101101111011
000101110000100
000101110001011
000101110110111
000101110111000
000101111010001
000101111011110
000101111100010
000101111101101
000110000000011
000110000001100
000110000110000
000110000111111
000110001010110
000110001011001
000110001100101
000110001101010
000110010010101
000110010011010
000110010100110
000110010101001
000110011000000
000110011001111
000110011110011
000110011111100
000110100010100
000110100011011
000110100100111
000110100101000
000110101000001
000110101001110
000110101110010
000110101111101
000110110000010
000110110001101
000110110110001
000110110111110
000110111010111
000110111011000
000110111100100
000110111101011
000111000010111
000111000011000
000111000100100
000111000101011
000111001000010
000111001001101
000111001110001
000111001111110
000111010000001
000111010001110
000111010110010
000111010111101
000111011010100
000111011011011
000111011100111
000111011101000
000111100000000
000111100001111
000111100110011
000111100111100
000111101010101
000111101011010
000111101100110
000111101101001
000111110010110
000111110011001
000111110100101
000111110101010
000111111000011
000111111001100
000111111110000
000111111111111
001000000000110
001000000001001
001000000110101
001000000111010
001000001010011
001000001011100
001000001100000
001000001101111
001000010010000
001000010011111
001000010100011
001000010101100
001000011000101
001000011001010
001000011110110
001000011111001
001000100010001
001000100011110
001000100100010
001000100101101
001000101000100
001000101001011
001000101110111
001000101111000
001000110000111
001000110001000
001000110110100
001000110111011
001000111010010
001000111011101
001000111100001
001000111101110
001001000010010
001001000011101
001001000100001
001001000101110
001001001000111
001001001001000
001001001110100
001001001111011
001001010000100
001001010001011
001001010110111
001001010111000
001001011010001
001001011011110
001001011100010
001001011101101
001001100000101
001001100001010
001001100110110
001001100111001
001001101010000
001001101011111
001001101100011
001001101101100
001001110010011
001001110011100
001001110100000
001001110101111
001001111000110
001001111001001
001001111110101
001001111111010
001010000010100
001010000011011
001010000100111
001010000101000
001010001000001
001010001001110
001010001110010
001010001111101
001010010000010
001010010001101
001010010110001
001010010111110
001010011010111
001010011011000
001010011100100
001010011101011
001010100000011
001010100001100
001010100110000
001010100111111
001010101010110
001010101011001
001010101100101
001010101101010
001010110010101
001010110011010
001010110100110
001010110101001
001010111000000
001010111001111
001010111110011
001010111111100
001011000000000
001011000001111
001011000110011
001011000111100
001011001010101
001011001011010
001011001100110
001011001101001
001011010010110
001011010011001
001011010100101
001011010101010
001011011000011
001011011001100
001011011110000
001011011111111
001011100010111
001011100011000
001011100100100
001011100101011
001011101000010
001011101001101
001011101110001
001011101111110
001011110000001
001011110001110
001011110110010
001011110111101
001011111010100
001011111011011
001011111100111
001011111101000
001100000010111
001100000011000
001100000100100
001100000101011
001100001000010
001100001001101
001100001110001
001100001111110
001100010000001
001100010001110
001100010110010
001100010111101
001100011010100
001100011011011
001100011100111
001100011101000
001100100000000
001100100001111
001100100110011
001100100111100
001100101010101
001100101011010
001100101100110
001100101101001
001100110010110
001100110011001
001100110100101
001100110101010
001100111000011
001100111001100
001100111110000
001100111111111
001101000000011
001101000001100
001101000110000
001101000111111
001101001010110
001101001011001
001101001100101
001101001101010
001101010010101
001101010011010
001101010100110
001101010101001
001101011000000
001101011001111
001101011110011
001101011111100
001101100010100
001101100011011
001101100100111
001101100101000
001101101000001
001101101001110
001101101110010
001101101111101
001101110000010
001101110001101
001101110110001
001101110111110
001101111010111
001101111011000
001101111100100
001101111101011
001110000000101
001110000001010
001110000110110
001110000111001
001110001010000
001110001011111
001110001100011
001110001101100
001110010010011
001110010011100
001110010100000
001110010101111
001110011000110
001110011001001
001110011110101
001110011111010
001110100010010
001110100011101
001110100100001
001110100101110
001110101000111
001110101001000
001110101110100
001110101111011
001110110000100
001110110001011
001110110110111
001110110111000
001110111010001
001110111011110
001110111100010
001110111101101
001111000010001
001111000011110
001111000100010
001111000101101
001111001000100
001111001001011
001111001110111
001111001111000
001111010000111
001111010001000
001111010110100
001111010111011
001111011010010
001111011011101
001111011100001
001111011101110
001111100000110
001111100001001
001111100110101
001111100111010
001111101010011
001111101011100
001111101100000
001111101101111
001111110010000
001111110011111
001111110100011
001111110101100
001111111000101
001111111001010
001111111110110
001111111111001
010000000000101
010000000001010
010000000110110
010000000111001
010000001010000
010000001011111
010000001100011
010000001101100
010000010010011
010000010011100
010000010100000
010000010101111
010000011000110
010000011001001
010000011110101
010000011111010
010000100010010
010000100011101
010000100100001
010000100101110
010000101000111
010000101001000
010000101110100
010000101111011
010000110000100
010000110001011
010000110110111
010000110111000
010000111010001
010000111011110
010000111100010
010000111101101
010001000010001
010001000011110
010001000100010
010001000101101
010001001000100
010001001001011
010001001110111
010001001111000
010001010000111
010001010001000
010001010110100
010001010111011
010001011010010
010001011011101
010001011100001
010001011101110
010001100000110
010001100001001
010001100110101
010001100111010
010001101010011
010001101011100
010001101100000
010001101101111
010001110010000
010001110011111
010001110100011
010001110101100
010001111000101
010001111001010
010001111110110
010001111111001
010010000010111
010010000011000
010010000100100
010010000101011
010010001000010
010010001001101
010010001110001
010010001111110
010010010000001
010010010001110
010010010110010
010010010111101
010010011010100
010010011011011
010010011100111
010010011101000
010010100000000
010010100001111
010010100110011
010010100111100
010010101010101
010010101011010
010010101100110
010010101101001
010010110010110
010010110011001
010010110100101
010010110101010
010010111000011
010010111001100
010010111110000
010010111111111
010011000000011
010011000001100
010011000110000
010011000111111
010011001010110
010011001011001
010011001100101
010011001101010
010011010010101
010011010011010
010011010100110
010011010101001
010011011000000
010011011001111
010011011110011
010011011111100
010011100010100
010011100011011
010011100100111
010011100101000
010011101000001
010011101001110
010011101110010
010011101111101
010011110000010
010011110001101
010011110110001
010011110111110
010011111010111
010011111011000
010011111100100
010011111101011
010100000010100
010100000011011
010100000100111
010100000101000
010100001000001
010100001001110
010100001110010
010100001111101
010100010000010
010100010001101
010100010110001
010100010111110
010100011010111
010100011011000
010100011100100
010100011101011
010100100000011
010100100001100
010100100110000
010100100111111
010100101010110
010100101011001
010100101100101
010100101101010
010100110010101
010100110011010
010100110100110
010100110101001
010100111000000
010100111001111
010100111110011
010100111111100
010101000000000
010101000001111
010101000110011
010101000111100
010101001010101
010101001011010
010101001100110
010101001101001
010101010010110
010101010011001
010101010100101
010101010101010
010101011000011
010101011001100
010101011110000
010101011111111
010101100010111
010101100011000
010101100100100
010101100101011
010101101000010
010101101001101
010101101110001
010101101111110
010101110000001
010101110001110
010101110110010
010101110111101
010101111010100
010101111011011
010101111100111
010101111101000
010110000000110
010110000001001
010110000110101
010110000111010
010110001010011
010110001011100
010110001100000
010110001101111
010110010010000
010110010011111
010110010100011
010110010101100
010110011000101
010110011001010
010110011110110
010110011111001
010110100010001
010110100011110
010110100100010
010110100101101
010110101000100
010110101001011
010110101110111
010110101111000
010110110000111
010110110001000
010110110110100
010110110111011
010110111010010
010110111011101
010110111100001
010110111101110
010111000010010
010111000011101
010111000100001
010111000101110
010111001000111
010111001001000
010111001110100
010111001111011
010111010000100
010111010001011
010111010110111
010111010111000
010111011010001
010111011011110
010111011100010
010111011101101
010111100000101
010111100001010
010111100110110
010111100111001
010111101010000
010111101011111
010111101100011
010111101101100
010111110010011
010111110011100
010111110100000
010111110101111
010111111000110
010111111001001
010111111110101
010111111111010
011000000000011
011000000001100
011000000110000
011000000111111
011000001010110
011000001011001
011000001100101
011000001101010
011000010010101
011000010011010
011000010100110
011000010101001
011000011000000
011000011001111
011000011110011
011000011111100
011000100010100
011000100011011
011000100100111
011000100101000
011000101000001
011000101001110
011000101110010
011000101111101
011000110000010
011000110001101
011000110110001
011000110111110
011000111010111
011000111011000
011000111100100
011000111101011
011001000010111
011001000011000
011001000100100
011001000101011
011001001000010
011001001001101
011001001110001
011001001111110
011001010000001
011001010001110
011001010110010
011001010111101
011001011010100
011001011011011
011001011100111
011001011101000
011001100000000
011001100001111
011001100110011
011001100111100
011001101010101
011001101011010
011001101100110
011001101101001
011001110010110
011001110011001
011001110100101
011001110101010
011001111000011
011001111001100
011001111110000
011001111111111
011010000010001
011010000011110
011010000100010
011010000101101
011010001000100
011010001001011
011010001110111
011010001111000
011010010000111
011010010001000
011010010110100
011010010111011
011010011010010
011010011011101
011010011100001
011010011101110
011010100000110
011010100001001
011010100110101
011010100111010
011010101010011
011010101011100
011010101100000
011010101101111
011010110010000
011010110011111
011010110100011
011010110101100
011010111000101
011010111001010
011010111110110
011010111111001
011011000000101
011011000001010
011011000110110
011011000111001
011011001010000
011011001011111
011011001100011
011011001101100
011011010010011
011011010011100
011011010100000
011011010101111
011011011000110
011011011001001
011011011110101
011011011111010
011011100010010
011011100011101
011011100100001
011011100101110
011011101000111
011011101001000
011011101110100
011011101111011
011011110000100
011011110001011
011011110110111
011011110111000
011011111010001
011011111011110
011011111100010
011011111101101
011100000010010
011100000011101
011100000100001
011100000101110
011100001000111
011100001001000
011100001110100
011100001111011
011100010000100
011100010001011
011100010110111
011100010111000
011100011010001
011100011011110
011100011100010
011100011101101
011100100000101
011100100001010
011100100110110
011100100111001
011100101010000
011100101011111
011100101100011
011100101101100
011100110010011
011100110011100
011100110100000
011100110101111
011100111000110
011100111001001
011100111110101
011100111111010
011101000000110
011101000001001
011101000110101
011101000111010
011101001010011
011101001011100
011101001100000
011101001101111
011101010010000
011101010011111
011101010100011
011101010101100
011101011000101
011101011001010
011101011110110
011101011111001
011101100010001
011101100011110
011101100100010
011101100101101
011101101000100
011101101001011
011101101110111
011101101111000
011101110000111
011101110001000
011101110110100
011101110111011
011101111010010
011101111011101
011101111100001
011101111101110
011110000000000
011110000001111
011110000110011
011110000111100
011110001010101
011110001011010
011110001100110
011110001101001
011110010010110
011110010011001
011110010100101
011110010101010
011110011000011
011110011001100
011110011110000
011110011111111
011110100010111
011110100011000
011110100100100
011110100101011
011110101000010
011110101001101
011110101110001
011110101111110
011110110000001
011110110001110
011110110110010
011110110111101
011110111010100
011110111011011
011110111100111
011110111101000
011111000010100
011111000011011
011111000100111
011111000101000
011111001000001
011111001001110
011111001110010
011111001111101
011111010000010
011111010001101
011111010110001
011111010111110
011111011010111
011111011011000
011111011100100
011111011101011
011111100000011
011111100001100
011111100110000
011111100111111
011111101010110
011111101011001
011111101100101
011111101101010
011111110010101
011111110011010
011111110100110
011111110101001
011111111000000
011111111001111
011111111110011
011111111111100
100000000000011
100000000001100
100000000110000
100000000111111
100000001010110
100000001011001
100000001100101
100000001101010
100000010010101
100000010011010
100000010100110
100000010101001
100000011000000
100000011001111
100000011110011
100000011111100
100000100010100
100000100011011
100000100100111
100000100101000
100000101000001
100000101001110
100000101110010
100000101111101
100000110000010
100000110001101
100000110110001
100000110111110
100000111010111
100000111011000
100000111100100
100000111101011
100001000010111
100001000011000
100001000100100
100001000101011
100001001000010
100001001001101
100001001110001
100001001111110
100001010000001
100001010001110
100001010110010
100001010111101
100001011010100
100001011011011
100001011100111
100001011101000
100001100000000
100001100001111
100001100110011
100001100111100
100001101010101
100001101011010
100001101100110
100001101101001
100001110010110
100001110011001
100001110100101
100001110101010
100001111000011
100001111001100
100001111110000
100001111111111
100010000010001
100010000011110
100010000100010
100010000101101
100010001000100
100010001001011
100010001110111
100010001111000
100010010000111
100010010001000
100010010110100
100010010111011
100010011010010
100010011011101
100010011100001
100010011101110
100010100000110
100010100001001
100010100110101
100010100111010
100010101010011
100010101011100
100010101100000
100010101101111
100010110010000
100010110011111
100010110100011
100010110101100
100010111000101
100010111001010
100010111110110
100010111111001
100011000000101
100011000001010
100011000110110
100011000111001
100011001010000
100011001011111
100011001100011
100011001101100
100011010010011
100011010011100
100011010100000
100011010101111
100011011000110
100011011001001
100011011110101
100011011111010
100011100010010
100011100011101
100011100100001
100011100101110
100011101000111
100011101001000
100011101110100
100011101111011
100011110000100
100011110001011
100011110110111
100011110111000
100011111010001
100011111011110
100011111100010
100011111101101
100100000010010
100100000011101
100100000100001
100100000101110
100100001000111
100100001001000
100100001110100
100100001111011
100100010000100
100100010001011
100100010110111
100100010111000
100100011010001
100100011011110
100100011100010
100100011101101
100100100000101
100100100001010
100100100110110
100100100111001
100100101010000
100100101011111
100100101100011
100100101101100
100100110010011
100100110011100
100100110100000
100100110101111
100100111000110
100100111001001
100100111110101
100100111111010
100101000000110
100101000001001
100101000110101
100101000111010
100101001010011
100101001011100
100101001100000
100101001101111
100101010010000
100101010011111
100101010100011
100101010101100
100101011000101
100101011001010
100101011110110
100101011111001
100101100010001
100101100011110
100101100100010
100101100101101
100101101000100
100101101001011
100101101110111
100101101111000
100101110000111
100101110001000
100101110110100
100101110111011
100101111010010
100101111011101
100101111100001
100101111101110
100110000000000
100110000001111
100110000110011
100110000111100
100110001010101
100110001011010
100110001100110
100110001101001
100110010010110
100110010011001
100110010100101
100110010101010
100110011000011
100110011001100
100110011110000
100110011111111
100110100010111
100110100011000
100110100100100
100110100101011
100110101000010
100110101001101
100110101110001
100110101111110
100110110000001
100110110001110
100110110110010
100110110111101
100110111010100
100110111011011
100110111100111
100110111101000
100111000010100
100111000011011
100111000100111
100111000101000
100111001000001
100111001001110
100111001110010
100111001111101
100111010000010
100111010001101
100111010110001
100111010111110
100111011010111
100111011011000
100111011100100
100111011101011
100111100000011
100111100001100
100111100110000
100111100111111
100111101010110
100111101011001
100111101100101
100111101101010
100111110010101
100111110011010
100111110100110
100111110101001
100111111000000
100111111001111
100111111110011
100111111111100
101000000000101
101000000001010
101000000110110
101000000111001
101000001010000
101000001011111
101000001100011
101000001101100
101000010010011
101000010011100
101000010100000
101000010101111
101000011000110
101000011001001
101000011110101
101000011111010
101000100010010
101000100011101
101000100100001
101000100101110
101000101000111
101000101001000
101000101110100
101000101111011
101000110000100
101000110001011
101000110110111
101000110111000
101000111010001
101000111011110
101000111100010
101000111101101
101001000010001
101001000011110
101001000100010
101001000101101
101001001000100
101001001001011
101001001110111
101001001111000
101001010000111
101001010001000
101001010110100
101001010111011
101001011010010
101001011011101
101001011100001
101001011101110
101001100000110
101001100001001
101001100110101
101001100111010
101001101010011
101001101011100
101001101100000
101001101101111
101001110010000
101001110011111
101001110100011
101001110101100
101001111000101
101001111001010
101001111110110
101001111111001
101010000010111
101010000011000
101010000100100
101010000101011
101010001000010
101010001001101
101010001110001
101010001111110
101010010000001
101010010001110
101010010110010
101010010111101
101010011010100
101010011011011
101010011100111
101010011101000
101010100000000
101010100001111
101010100110011
101010100111100
101010101010101
101010101011010
101010101100110
101010101101001
101010110010110
101010110011001
101010110100101
101010110101010
101010111000011
101010111001100
101010111110000
101010111111111
101011000000011
101011000001100
101011000110000
101011000111111
101011001010110
101011001011001
101011001100101
101011001101010
101011010010101
101011010011010
101011010100110
101011010101001
101011011000000
101011011001111
101011011110011
101011011111100
101011100010100
101011100011011
101011100100111
101011100101000
101011101000001
101011101001110
101011101110010
101011101111101
101011110000010
101011110001101
101011110110001
101011110111110
101011111010111
101011111011000
101011111100100
101011111101011
101100000010100
101100000011011
101100000100111
101100000101000
101100001000001
101100001001110
101100001110010
101100001111101
101100010000010
101100010001101
101100010110001
101100010111110
101100011010111
101100011011000
101100011100100
101100011101011
101100100000011
101100100001100
101100100110000
101100100111111
101100101010110
101100101011001
101100101100101
101100101101010
101100110010101
101100110011010
101100110100110
101100110101001
101100111000000
101100111001111
101100111110011
101100111111100
101101000000000
101101000001111
101101000110011
101101000111100
101101001010101
101101001011010
101101001100110
101101001101001
101101010010110
101101010011001
101101010100101
101101010101010
101101011000011
101101011001100
101101011110000
101101011111111
101101100010111
101101100011000
101101100100100
101101100101011
101101101000010
101101101001101
101101101110001
101101101111110
101101110000001
101101110001110
101101110110010
101101110111101
101101111010100
101101111011011
101101111100111
101101111101000
101110000000110
101110000001001
101110000110101
101110000111010
101110001010011
101110001011100
101110001100000
101110001101111
101110010010000
101110010011111
101110010100011
101110010101100
101110011000101
101110011001010
101110011110110
101110011111001
101110100010001
101110100011110
101110100100010
101110100101101
101110101000100
101110101001011
101110101110111
101110101111000
101110110000111
101110110001000
101110110110100
101110110111011
101110111010010
101110111011101
101110111100001
101110111101110
101111000010010
101111000011101
101111000100001
101111000101110
101111001000111
101111001001000
101111001110100
101111001111011
101111010000100
101111010001011
101111010110111
101111010111000
101111011010001
101111011011110
101111011100010
101111011101101
101111100000101
101111100001010
101111100110110
101111100111001
101111101010000
101111101011111
101111101100011
101111101101100
101111110010011
101111110011100
101111110100000
101111110101111
101111111000110
101111111001001
101111111110101
101111111111010
110000000000110
110000000001001
110000000110101
110000000111010
110000001010011
110000001011100
110000001100000
110000001101111
110000010010000
110000010011111
110000010100011
110000010101100
110000011000101
110000011001010
110000011110110
110000011111001
110000100010001
110000100011110
110000100100010
110000100101101
110000101000100
110000101001011
110000101110111
110000101111000
110000110000111
110000110001000
110000110110100
110000110111011
110000111010010
110000111011101
110000111100001
110000111101110
110001000010010
110001000011101
110001000100001
110001000101110
110001001000111
110001001001000
110001001110100
110001001111011
110001010000100
110001010001011
110001010110111
110001010111000
110001011010001
110001011011110
110001011100010
110001011101101
110001100000101
110001100001010
110001100110110
110001100111001
110001101010000
110001101011111
110001101100011
110001101101100
110001110010011
110001110011100
110001110100000
110001110101111
110001111000110
110001111001001
110001111110101
110001111111010
110010000010100
110010000011011
110010000100111
110010000101000
110010001000001
110010001001110
110010001110010
110010001111101
110010010000010
110010010001101
110010010110001
110010010111110
110010011010111
110010011011000
110010011100100
110010011101011
110010100000011
110010100001100
110010100110000
110010100111111
110010101010110
110010101011001
110010101100101
110010101101010
110010110010101
110010110011010
110010110100110
110010110101001
110010111000000
110010111001111
110010111110011
110010111111100
110011000000000
110011000001111
110011000110011
110011000111100
110011001010101
110011001011010
110011001100110
110011001101001
110011010010110
110011010011001
110011010100101
110011010101010
110011011000011
110011011001100
110011011110000
110011011111111
110011100010111
110011100011000
110011100100100
110011100101011
110011101000010
110011101001101
110011101110001
110011101111110
110011110000001
110011110001110
110011110110010
110011110111101
110011111010100
110011111011011
110011111100111
110011111101000
110100000010111
110100000011000
110100000100100
110100000101011
110100001000010
110100001001101
110100001110001
110100001111110
110100010000001
110100010001110
110100010110010
110100010111101
110100011010100
110100011011011
110100011100111
110100011101000
110100100000000
110100100001111
110100100110011
110100100111100
110100101010101
110100101011010
110100101100110
110100101101001
110100110010110
110100110011001
110100110100101
110100110101010
110100111000011
110100111001100
110100111110000
110100111111111
110101000000011
110101000001100
110101000110000
110101000111111
110101001010110
110101001011001
110101001100101
110101001101010
110101010010101
110101010011010
110101010100110
110101010101001
110101011000000
110101011001111
110101011110011
110101011111100
110101100010100
110101100011011
110101100100111
110101100101000
110101101000001
110101101001110
110101101110010
110101101111101
110101110000010
110101110001101
110101110110001
110101110111110
110101111010111
110101111011000
110101111100100
110101111101011
110110000000101
110110000001010
110110000110110
110110000111001
110110001010000
110110001011111
110110001100011
110110001101100
110110010010011
110110010011100
110110010100000
110110010101111
110110011000110
110110011001001
110110011110101
110110011111010
110110100010010
110110100011101
110110100100001
110110100101110
110110101000111
110110101001000
110110101110100
110110101111011
110110110000100
110110110001011
110110110110111
110110110111000
110110111010001
110110111011110
110110111100010
110110111101101
110111000010001
110111000011110
110111000100010
110111000101101
110111001000100
110111001001011
110111001110111
110111001111000
110111010000111
110111010001000
110111010110100
110111010111011
110111011010010
110111011011101
110111011100001
110111011101110
110111100000110
110111100001001
110111100110101
110111100111010
110111101010011
110111101011100
110111101100000
110111101101111
110111110010000
110111110011111
110111110100011
110111110101100
110111111000101
110111111001010
110111111110110
110111111111001
111000000000000
111000000001111
111000000110011
111000000111100
111000001010101
111000001011010
111000001100110
111000001101001
111000010010110
111000010011001
111000010100101
111000010101010
111000011000011
111000011001100
111000011110000
111000011111111
111000100010111
111000100011000
111000100100100
111000100101011
111000101000010
111000101001101
111000101110001
111000101111110
111000110000001
111000110001110
111000110110010
111000110111101
111000111010100
111000111011011
111000111100111
111000111101000
111001000010100
111001000011011
111001000100111
111001000101000
111001001000001
111001001001110
111001001110010
111001001111101
111001010000010
111001010001101
111001010110001
111001010111110
111001011010111
111001011011000
111001011100100
111001011101011
111001100000011
111001100001100
111001100110000
111001100111111
111001101010110
111001101011001
111001101100101
111001101101010
111001110010101
111001110011010
111001110100110
111001110101001
111001111000000
111001111001111
111001111110011
111001111111100
111010000010010
111010000011101
111010000100001
111010000101110
111010001000111
111010001001000
111010001110100
111010001111011
111010010000100
111010010001011
111010010110111
111010010111000
111010011010001
111010011011110
111010011100010
111010011101101
111010100000101
111010100001010
111010100110110
111010100111001
111010101010000
111010101011111
111010101100011
111010101101100
111010110010011
111010110011100
111010110100000
111010110101111
111010111000110
111010111001001
111010111110101
111010111111010
111011000000110
111011000001001
111011000110101
111011000111010
111011001010011
111011001011100
111011001100000
111011001101111
111011010010000
111011010011111
111011010100011
111011010101100
111011011000101
111011011001010
111011011110110
111011011111001
111011100010001
111011100011110
111011100100010
111011100101101
111011101000100
111011101001011
111011101110111
111011101111000
111011110000111
111011110001000
111011110110100
111011110111011
111011111010010
111011111011101
111011111100001
111011111101110
111100000010001
111100000011110
111100000100010
111100000101101
111100001000100
111100001001011
111100001110111
111100001111000
111100010000111
111100010001000
111100010110100
111100010111011
111100011010010
111100011011101
111100011100001
111100011101110
111100100000110
111100100001001
111100100110101
111100100111010
111100101010011
111100101011100
111100101100000
111100101101111
111100110010000
111100110011111
111100110100011
111100110101100
111100111000101
111100111001010
111100111110110
111100111111001
111101000000101
111101000001010
111101000110110
111101000111001
111101001010000
111101001011111
111101001100011
111101001101100
111101010010011
111101010011100
111101010100000
111101010101111
111101011000110
111101011001001
111101011110101
111101011111010
111101100010010
111101100011101
111101100100001
111101100101110
111101101000111
111101101001000
111101101110100
111101101111011
111101110000100
111101110001011
111101110110111
111101110111000
111101111010001
111101111011110
111101111100010
111101111101101
111110000000011
111110000001100
111110000110000
111110000111111
111110001010110
111110001011001
111110001100101
111110001101010
111110010010101
111110010011010
111110010100110
111110010101001
111110011000000
111110011001111
111110011110011
111110011111100
111110100010100
111110100011011
111110100100111
111110100101000
111110101000001
111110101001110
111110101110010
111110101111101
111110110000010
111110110001101
111110110110001
111110110111110
111110111010111
111110111011000
111110111100100
111110111101011
111111000010111
111111000011000
111111000100100
111111000101011
111111001000010
111111001001101
111111001110001
111111001111110
111111010000001
111111010001110
111111010110010
111111010111101
111111011010100
111111011011011
111111011100111
111111011101000
111111100000000
111111100001111
111111100110011
111111100111100
111111101010101
111111101011010
111111101100110
111111101101001
111111110010110
111111110011001
111111110100101
111111110101010
111111111000011
111111111001100
111111111110000